Independent Model:

Cole-Laptop: [-20.97649635   0.10497898  -3.00201908  -2.04876179  -5.32589244]
Cole-Desktop: [ -1.17169639  -0.08276589  -2.7409823   -2.6158852  -51.2803739 ]